"nro_corrida","cant_grupos","cant_pasajeros","tpo_cola_taquilla_prom","tpo_cola_taquilla_min","tpo_cola_taquilla_max","tpo_cola_taquilla_p50","tpo_cola_maquina_prom","tpo_cola_maquina_min","tpo_cola_maquina_max","tpo_cola_maquina_p50","tpo_cola_torniquete_prom","tpo_cola_torniquete_min","tpo_cola_torniquete_max","tpo_cola_torniquete_p50","max_area_taquilla","max_area_maquina","max_area_torniquete","tpo_sistema_prom","tpo_sistema_min","tpo_sistema_max","tpo_sistema_p50","porcentaje_ocup_taquilla","porcentaje_ocup_maquina","porcentaje_ocup_torniquete"
1,10157,35441,0.1015,0.0,2.0375,0.0,0.4009,0.0,4.2957,1.6621,0.0776,0.0,0.8864,0.0499,13,61,45,0.6882,0.2043,5.6693,0.7398,29.749,76.9161,65.9996
2,10250,36093,0.1031,0.0,2.0067,0.0948,0.4659,0.0,6.0303,0.0608,0.0758,0.0,1.0792,0.0,12,67,56,0.6866,0.2028,6.0929,0.7203,30.1469,78.2401,66.7486
3,10218,36077,0.0988,0.0,2.362,0.1112,0.3617,0.0,3.2826,1.4961,0.0711,0.0,0.801,0.0,13,46,43,0.686,0.2042,6.0161,0.8245,30.2749,77.9164,66.5975
4,10208,35638,0.0982,0.0,2.4568,1.7761,0.3181,0.0,4.3086,0.0934,0.0685,0.0,1.0269,0.0,12,57,55,0.6826,0.2023,7.0917,2.8933,29.5178,75.9464,65.5977
5,10239,36092,0.0977,0.0,1.895,0.0,0.4221,0.0,4.6389,0.0,0.0696,0.0,1.3218,0.0246,16,67,71,0.6879,0.1806,7.0928,1.9286,29.7769,78.8368,66.5292
6,10420,36783,0.1093,0.0,2.4053,0.0,0.4411,0.0,3.3289,0.1405,0.0849,0.0,1.0059,0.0,16,53,57,0.6903,0.2038,6.9225,1.7143,31.3439,80.2968,68.3091
7,10264,36265,0.1076,0.0,2.5027,0.3759,0.359,0.0,3.5355,2.001,0.0776,0.0,1.2114,0.1698,14,43,50,0.6868,0.2041,6.6067,0.3812,30.3705,78.8632,66.606
8,10395,36717,0.1006,0.0,2.0609,0.0,0.4344,0.0,3.4421,0.169,0.0878,0.0,1.1682,0.0,15,46,56,0.6881,0.2046,5.8066,0.2493,30.4786,79.817,68.2019
9,10291,36098,0.0994,0.0,2.1873,0.0,0.5055,0.0,3.3507,0.3308,0.0721,0.0,1.1261,0.0,14,47,50,0.6907,0.2054,6.3413,1.4653,29.6411,80.1087,66.9337
10,10132,35456,0.0962,0.0,2.6761,0.0,0.3508,0.0,3.185,3.1651,0.0731,0.0,0.7317,0.0,12,48,44,0.688,0.2034,6.5667,2.1181,28.9809,77.081,66.0558
11,10276,35597,0.1041,0.0,2.7996,0.0,0.3416,0.0,3.0861,0.9906,0.0678,0.0,1.0661,0.0339,15,48,56,0.6878,0.0378,6.0953,0.2825,29.756,77.5746,65.6682
12,10239,35916,0.1011,0.0,2.4974,0.6956,0.4184,0.0,4.054,2.1166,0.0667,0.0,0.8859,0.0595,16,56,42,0.6901,0.204,6.7219,0.2497,29.4248,79.0005,66.5722
13,10277,35846,0.1053,0.0,2.2721,0.0,0.3139,0.0,2.8397,0.0514,0.0637,0.0,0.7989,0.0,13,48,46,0.6869,0.2043,5.4178,2.2342,29.7107,78.1286,66.3512
14,10182,35251,0.1072,0.0,2.4114,0.3277,0.3915,0.0,4.8744,3.8296,0.0662,0.0,0.9176,0.6393,13,57,44,0.6928,0.2061,5.5903,1.7355,30.1878,78.0682,64.713
15,10261,36252,0.1005,0.0,2.6302,0.3482,0.4911,0.0,3.4801,0.5772,0.0746,0.0,1.1321,0.0941,12,51,52,0.6886,0.1557,6.4954,2.2627,29.4436,79.7094,67.2631
16,10129,35741,0.0958,0.0,1.8793,0.0193,0.3412,0.0,3.2745,0.0,0.0729,0.0,0.9996,0.3675,14,38,57,0.6876,0.2039,5.4365,0.8054,28.531,78.791,66.0525
17,10201,35400,0.0957,0.0,1.95,0.2167,0.2796,0.0,3.2135,0.4336,0.0541,0.0,0.7124,0.1147,14,47,39,0.6874,0.2029,5.4363,0.9369,29.3743,77.1381,65.1973
18,10196,35674,0.0958,0.0,2.6927,0.2126,0.3927,0.0,3.5392,2.3379,0.0693,0.0,0.8655,0.0,12,46,45,0.6895,0.2054,5.0016,0.5864,29.4855,78.0229,66.8079
19,10205,35824,0.0968,0.0,2.2535,0.0,0.4573,0.0,4.4374,0.9443,0.0724,0.0,1.067,0.6847,13,60,46,0.6887,0.2036,5.314,0.5907,29.2615,78.8307,66.3082
20,10262,35623,0.0942,0.0,2.1031,0.0,0.429,0.0,5.1319,5.945,0.0645,0.0,0.9837,0.0841,13,66,51,0.6869,0.1708,6.1467,0.3288,28.4762,77.8625,66.3622
21,10058,35599,0.1066,0.0,3.3773,0.8852,0.3747,0.0,3.2522,0.0,0.0634,0.0,1.2192,0.0,14,47,65,0.6893,0.2042,5.4367,1.2739,29.9145,77.9617,65.782
22,10119,35660,0.0978,0.0,2.1953,0.9227,0.3143,0.0,2.8912,1.2112,0.0723,0.0,1.1195,0.0,13,40,48,0.6822,0.2046,6.2844,1.0072,29.1922,76.3249,65.5861
23,10378,35939,0.1008,0.0,2.0924,0.0,0.4157,0.0,4.7633,0.0985,0.0656,0.0,0.9879,0.0138,13,59,46,0.6883,0.1172,5.3566,2.078,30.7118,77.641,66.7399
24,10169,35386,0.1012,0.0,2.9087,0.0,0.2935,0.0,3.0088,0.055,0.0673,0.0,1.0277,0.0453,11,43,49,0.6848,0.2025,5.1526,0.494,29.8688,75.9046,65.1963
25,10157,35485,0.0955,0.0,2.29,0.0,0.3823,0.0,3.2804,0.2079,0.069,0.0,0.8683,0.0,10,48,46,0.6946,0.2055,5.8274,0.4785,29.6263,78.8427,67.0742
26,10182,36047,0.1,0.0,2.2448,0.0,0.3406,0.0,3.1292,0.0667,0.067,0.0,1.0577,0.1109,13,44,53,0.6827,0.0835,6.1854,1.4639,29.5031,77.4381,66.3337
27,10103,35276,0.0952,0.0,2.4894,0.2705,0.3698,0.0,4.3391,0.0,0.0715,0.0,1.0079,0.1081,10,49,60,0.6891,0.2047,7.9792,0.97,28.9186,77.2441,65.6275
28,10458,36589,0.1046,0.0,2.5013,0.1433,0.4233,0.0,3.2762,0.0,0.0704,0.0,0.8586,0.0028,12,49,48,0.69,0.1588,5.8119,0.84,30.9791,80.1423,67.9347
29,10340,36197,0.1025,0.0,2.2729,0.1587,0.3477,0.0,4.0202,0.0,0.0725,0.0,0.9895,0.0391,13,58,64,0.6872,0.0361,5.5061,1.7868,30.4394,78.4735,66.9445
30,10288,35772,0.1023,0.0,2.2639,0.0,0.3641,0.0,4.4285,0.0,0.0658,0.0,1.1001,0.0,13,55,58,0.6895,0.1809,6.563,0.411,29.9674,78.8861,66.0922
31,10240,35710,0.1044,0.0,2.6045,0.0,0.3201,0.0,2.7264,1.0991,0.0694,0.0,0.926,0.12,13,43,51,0.686,0.2043,6.1492,0.2705,30.0629,76.7319,65.9752
32,10302,35817,0.0983,0.0,3.0791,0.4011,0.3305,0.0,3.3002,0.3398,0.0639,0.0,0.7354,0.443,12,54,44,0.6853,0.2047,6.3079,0.5647,29.3072,77.8434,65.959
33,10128,35388,0.1024,0.0,2.4677,0.139,0.2807,0.0,2.4689,2.1227,0.0735,0.0,1.0848,0.2338,14,37,57,0.6882,0.2014,6.5817,1.2675,30.231,76.7549,65.3772
34,10232,36010,0.0977,0.0,2.1063,0.0967,0.3252,0.0,3.3288,2.5379,0.0752,0.0,1.2055,0.0,15,41,61,0.6847,0.2039,7.595,0.5933,29.0664,77.9245,66.5209
35,10228,36305,0.1034,0.0,2.2716,0.0,0.426,0.0,2.7899,0.0,0.0711,0.0,0.9555,0.0,14,45,48,0.6934,0.0886,7.4253,0.3457,29.8673,81.6369,67.2312
36,10262,35897,0.0915,0.0,2.2009,0.0,0.4615,0.0,4.3747,0.2367,0.0626,0.0,0.8491,0.0,11,57,51,0.6886,0.1154,6.2027,0.8775,28.9057,78.8095,67.0699
37,10278,36157,0.1012,0.0,2.1696,0.0,0.3447,0.0,2.8641,0.2768,0.0754,0.0,0.8897,0.0433,14,41,57,0.6835,0.2012,5.2502,0.8441,30.0421,76.7444,67.2053
38,10353,36193,0.1045,0.0,2.2342,0.2009,0.3558,0.0,3.4867,0.1563,0.0736,0.0,1.0686,0.0716,13,54,61,0.6892,0.2062,5.0543,0.4754,31.4981,78.2034,66.8512
39,10305,35828,0.0971,0.0,2.633,0.0,0.388,0.0,3.1918,2.6746,0.0751,0.0,0.9836,0.0,12,46,57,0.6874,0.2069,5.9771,1.1237,30.3256,77.5516,66.26
40,10309,36114,0.1054,0.0,2.4614,0.0886,0.3325,0.0,3.9282,0.0412,0.0649,0.0,0.9835,0.3724,15,60,52,0.6874,0.056,5.3647,1.3873,30.5192,78.2159,66.8397
41,10162,35603,0.1071,0.0,2.5411,0.358,0.3888,0.0,3.4134,0.0402,0.0768,0.0,1.1285,1.2895,15,45,60,0.6926,0.1467,7.1845,0.7717,29.922,79.3297,66.193
42,10469,36415,0.0977,0.0,2.5498,0.0,0.3814,0.0,4.2064,0.3688,0.0798,0.0,1.095,0.0,14,63,56,0.6856,0.207,6.7765,2.9066,29.7748,78.8017,67.2791
43,10392,36559,0.103,0.0,3.4268,0.0,0.4151,0.0,4.4292,0.7846,0.0818,0.0,1.2763,0.0188,15,59,61,0.6894,0.2054,6.6655,0.7322,30.7482,79.5633,68.0509
44,10474,36432,0.0981,0.0,2.7585,0.0,0.4721,0.0,3.5946,0.1574,0.0716,0.0,0.9521,0.0,12,49,48,0.69,0.2023,5.2599,0.3877,30.149,80.3998,67.6298
45,10242,35300,0.0922,0.0,2.0238,0.2,0.3041,0.0,3.4031,0.3482,0.068,0.0,1.3668,0.0148,11,52,65,0.6862,0.2042,5.6665,0.4317,29.2826,76.7265,64.8812
46,10032,35165,0.1022,0.0,2.49,0.0,0.266,0.0,3.4589,0.0,0.06,0.0,1.0843,0.0289,14,46,55,0.6878,0.2046,6.1533,2.0825,29.7896,76.6087,64.5678
47,10293,36188,0.0955,0.0,1.9735,0.0,0.3386,0.0,3.0154,0.0,0.0816,0.0,1.0627,0.0,12,43,64,0.6861,0.2057,5.5205,0.302,29.5799,78.1885,67.2824
48,10229,35957,0.0991,0.0,2.4271,0.0,0.4117,0.0,4.3857,0.8665,0.0795,0.0,1.7489,0.0,15,59,87,0.6885,0.2027,4.9878,0.3041,29.489,78.6792,66.8542
49,10253,35795,0.0924,0.0,2.9283,0.0,0.3251,0.0,2.9201,0.095,0.0751,0.0,0.963,0.3621,13,49,58,0.6888,0.2043,5.6574,0.9442,29.5587,78.0133,66.2523
50,10240,35755,0.0999,0.0,1.9364,0.0,0.4799,0.0,4.8946,4.0282,0.0666,0.0,1.2434,0.0821,11,73,55,0.6886,0.2059,5.9463,1.9975,28.9494,78.7268,65.8343
51,10277,35782,0.1004,0.0,2.5672,0.6485,0.3658,0.0,3.3963,0.3478,0.0653,0.0,1.2173,0.2848,12,53,59,0.6835,0.1038,5.4188,0.837,29.8727,76.0031,66.0402
52,10328,35701,0.108,0.0,3.1225,0.0,0.3944,0.0,3.8676,0.0,0.0784,0.0,1.0235,0.0072,12,50,61,0.6871,0.2061,5.2434,0.9394,29.699,77.0083,66.8058
53,10263,36095,0.099,0.0,2.3109,0.0,0.407,0.0,4.4206,0.0,0.0683,0.0,1.1327,0.0,13,58,60,0.6869,0.204,5.7416,1.2407,29.8687,78.4922,66.8214
54,10086,35066,0.1062,0.0,2.2898,0.0,0.3124,0.0,3.1197,0.0468,0.0687,0.0,0.869,0.0,13,50,55,0.6854,0.2009,5.2393,1.5651,29.8711,75.1266,64.9953
55,10183,35943,0.0989,0.0,1.8626,0.0,0.3728,0.0,3.0516,0.5918,0.0686,0.0,1.0239,0.3922,16,49,55,0.6841,0.2035,5.8866,0.6604,29.3702,76.8806,66.3575
56,10270,35728,0.096,0.0,2.9332,0.4009,0.4109,0.0,3.9947,0.1006,0.0787,0.0,0.8298,0.0828,13,59,56,0.6926,0.2068,6.9329,0.518,29.8815,79.0167,66.5556
57,10385,36111,0.0979,0.0,2.0492,0.0,0.3762,0.0,3.3186,0.0155,0.0744,0.0,1.0503,0.0,12,51,62,0.6876,0.206,5.9926,1.3917,30.2831,78.6863,66.5676
58,10205,36230,0.1046,0.0,2.1286,0.0,0.4022,0.0,4.0585,0.0,0.0617,0.0,0.7007,0.0,14,48,46,0.6936,0.1808,5.3274,0.815,30.6423,80.8938,66.858
59,10223,35647,0.1018,0.0,2.6328,0.0,0.3584,0.0,3.3878,0.4472,0.0783,0.0,1.0358,0.0,12,51,56,0.6912,0.2077,5.4625,3.1332,29.2204,78.7465,66.2402
60,10361,36775,0.102,0.0,2.4118,0.0673,0.37,0.0,2.9576,0.0,0.0847,0.0,1.2307,0.0,14,45,63,0.686,0.2038,6.3,0.3278,30.9054,78.837,68.2575
61,10186,35499,0.1051,0.0,2.2095,0.0,0.3866,0.0,3.5662,0.2476,0.0691,0.0,1.0836,0.1306,15,44,56,0.6923,0.1219,5.9509,0.8915,30.9994,78.1458,65.7737
62,10283,35986,0.0983,0.0,2.6551,0.0,0.4535,0.0,3.9204,0.7463,0.0777,0.0,1.2432,0.175,11,55,74,0.6901,0.2032,6.4802,0.968,30.4416,78.8296,66.6632
63,10326,36395,0.1045,0.0,2.3927,0.0,0.3984,0.0,3.8282,0.4311,0.0746,0.0,1.0916,0.0069,11,50,62,0.6918,0.2043,7.8021,2.5522,30.9336,80.563,67.4815
64,10191,35557,0.0967,0.0,2.3392,0.0,0.3086,0.0,3.4625,0.1289,0.0708,0.0,1.0848,0.1624,13,55,54,0.6854,0.2038,5.738,1.9462,30.2463,76.4476,65.6468
65,10440,36830,0.1099,0.0,1.9407,0.0,0.3924,0.0,3.0908,0.0,0.0811,0.0,1.0585,0.0279,19,47,56,0.6899,0.2068,5.8349,0.8768,31.5744,80.0711,68.4623
66,10219,36214,0.093,0.0,1.9772,0.0,0.4357,0.0,3.7105,0.3158,0.0791,0.0,0.89,0.0,13,50,48,0.6828,0.2028,5.5789,0.3014,29.3552,77.1062,67.1627
67,10499,36971,0.0984,0.0,2.0537,0.0,0.4561,0.0,3.0757,0.3001,0.0754,0.0,1.1441,0.1927,15,43,55,0.688,0.2063,5.6066,0.4614,30.7318,80.2321,68.814
68,10380,36086,0.1059,0.0,2.4216,0.142,0.3419,0.0,3.3027,0.3382,0.0751,0.0,1.2465,0.6546,12,51,75,0.6867,0.1882,5.2209,0.6221,30.0498,78.2754,66.5662
69,10289,35637,0.1003,0.0,2.5338,0.0,0.4168,0.0,4.4373,0.0,0.0676,0.0,1.1758,0.203,14,61,54,0.6908,0.2062,6.7555,0.8211,29.4933,78.5632,65.9585
70,10312,36431,0.094,0.0,2.3254,0.4184,0.4337,0.0,5.3479,0.3853,0.0801,0.0,1.0308,0.0,11,82,57,0.688,0.1025,6.1406,0.968,30.6025,79.1425,67.8984
71,10292,36655,0.106,0.0,3.2916,0.0,0.3572,0.0,3.1029,0.4541,0.0963,0.0,0.9557,0.0211,15,44,64,0.6858,0.2037,5.9435,0.2823,30.7525,78.2675,68.6392
72,10241,35670,0.0983,0.0,3.2577,0.5466,0.3557,0.0,2.9464,0.0,0.0656,0.0,0.8884,0.0,14,45,42,0.6877,0.2053,5.4134,1.2266,29.3883,77.677,65.9871
73,10123,35250,0.0959,0.0,2.0283,0.0,0.4016,0.0,4.3151,0.259,0.0675,0.0,0.8708,0.2126,14,72,47,0.6876,0.2037,7.4425,0.7627,28.978,77.2086,64.9391
74,10180,35457,0.103,0.0,2.6627,0.1658,0.2855,0.0,3.0411,0.044,0.0741,0.0,1.3379,0.3887,11,39,62,0.6862,0.2044,5.6274,1.428,29.509,76.9607,65.7077
75,10356,36190,0.0938,0.0,2.3475,0.6454,0.3888,0.0,3.8397,0.0,0.0762,0.0,1.0008,0.0,12,51,53,0.6864,0.2048,5.712,1.6891,30.0995,78.1236,66.9089
76,10239,35902,0.1009,0.0,2.3775,0.0,0.3062,0.0,3.5187,0.0436,0.0742,0.0,1.2021,0.2269,13,40,59,0.6832,0.2063,6.3313,2.5726,29.656,77.1913,65.905
77,10340,36437,0.1007,0.0,2.1654,0.0,0.4518,0.0,5.6223,1.2885,0.081,0.0,1.4951,0.0454,13,84,71,0.6898,0.206,6.9579,0.7982,30.8216,79.971,66.8796
78,10120,35403,0.0963,0.0,2.0088,0.0369,0.3779,0.0,3.057,0.0,0.0715,0.0,0.9797,0.0,11,38,49,0.6904,0.2062,6.1588,0.444,28.9867,78.2201,66.141
79,10233,36118,0.0964,0.0,2.0508,0.0,0.5357,0.0,5.7579,0.2598,0.0655,0.0,0.7931,0.0,13,76,48,0.6932,0.2013,5.2259,1.8014,30.5393,80.4252,66.6917
80,10353,36177,0.0992,0.0,1.9622,0.0,0.4199,0.0,3.7116,0.0,0.0708,0.0,1.1858,0.0,13,62,53,0.6885,0.0608,5.8798,0.2384,29.8716,79.5476,66.3632
81,10250,35580,0.0997,0.0,2.4206,0.0035,0.3596,0.0,3.1198,0.0391,0.0696,0.0,0.9685,0.0302,11,43,53,0.6874,0.2032,5.5958,1.165,29.479,77.2856,65.9128
82,10173,35432,0.11,0.0,2.1578,0.0,0.3419,0.0,2.764,0.0,0.0652,0.0,0.9239,0.0671,14,43,49,0.6907,0.2029,6.3368,1.518,29.5803,78.1058,65.7631
83,10233,36125,0.0968,0.0,2.304,0.0,0.4046,0.0,3.7389,0.0793,0.0711,0.0,1.0683,0.542,15,57,53,0.6863,0.2045,7.0475,0.3196,29.3601,78.4352,67.0079
84,10149,35739,0.1099,0.0,2.4412,0.1709,0.4275,0.0,4.3749,0.2953,0.0792,0.0,1.275,0.0,16,57,61,0.688,0.2024,6.1149,0.2989,29.9455,77.6871,66.2506
85,10120,34838,0.0869,0.0,1.8935,0.0252,0.3408,0.0,4.1245,0.0,0.0731,0.0,1.4949,0.0846,13,57,76,0.6836,0.2042,5.7624,0.5263,27.9893,75.0242,64.5297
86,10107,35633,0.1061,0.0,2.514,0.0,0.5142,0.0,4.6435,0.0679,0.0795,0.0,1.1084,0.0,18,71,55,0.694,0.2015,6.2,0.4031,29.981,79.2424,66.3057
87,10215,35180,0.0837,0.0,2.2321,0.0,0.3344,0.0,3.0856,1.2012,0.0561,0.0,0.9631,0.0,11,43,58,0.686,0.2066,6.8627,0.4281,28.6546,76.5781,64.5729
88,10183,35686,0.1069,0.0,2.715,0.0,0.4189,0.0,3.3792,0.2416,0.0699,0.0,0.9282,0.0,13,55,47,0.6896,0.2031,5.721,0.764,30.3788,78.2497,65.9244
89,10151,36486,0.1029,0.0,2.3005,0.0,0.6151,0.0,6.0938,0.5398,0.079,0.0,1.0221,0.4005,14,72,52,0.6959,0.203,7.1511,2.2679,30.8962,81.9441,67.805
90,10009,35111,0.1013,0.0,2.04,0.0,0.3278,0.0,3.4476,0.0,0.0768,0.0,1.3389,0.0,11,47,61,0.6843,0.2026,5.5342,0.5393,28.2551,76.1479,64.6918
91,10292,36284,0.1039,0.0,2.2697,0.0,0.3373,0.0,2.9796,0.0,0.0746,0.0,1.2736,0.103,12,46,69,0.6917,0.2037,5.6587,0.871,31.1524,79.7444,66.9551
92,10285,36436,0.1013,0.0,2.6064,0.0,0.3624,0.0,3.267,0.0,0.0731,0.0,1.0131,0.1651,16,51,50,0.6849,0.204,5.0789,1.5143,29.6267,79.3487,66.8036
93,10152,35803,0.0991,0.0,2.4565,0.0,0.4373,0.0,6.078,0.0,0.0738,0.0,1.0354,0.3403,12,60,56,0.6842,0.2061,5.7914,0.891,29.2366,77.1948,66.2641
94,10105,35797,0.1036,0.0,2.1381,0.0,0.4202,0.0,4.7359,0.1124,0.0783,0.0,1.5866,0.0,16,58,81,0.6927,0.2033,6.1148,1.6246,29.902,79.4491,66.877
95,10081,34977,0.1091,0.0,2.2073,1.152,0.3033,0.0,3.8049,1.5803,0.0713,0.0,1.4662,0.2348,16,48,73,0.6874,0.2039,6.4516,1.2748,29.6371,75.6389,64.8333
96,10226,35605,0.0969,0.0,2.4774,0.0,0.42,0.0,3.9068,1.1494,0.0682,0.0,1.0164,0.2979,11,57,52,0.69,0.2019,5.9344,2.3027,29.7174,78.7576,65.6749
97,10234,35186,0.1002,0.0,2.1943,0.3773,0.3279,0.0,3.2703,0.0,0.0615,0.0,0.8126,0.0,11,40,48,0.6896,0.203,5.8412,0.7237,29.8784,77.6846,64.5208
98,10303,35443,0.0912,0.0,1.8884,0.0,0.2982,0.0,3.2511,0.0,0.069,0.0,1.0545,0.0,11,42,48,0.6855,0.2046,5.3423,0.3577,28.3995,77.2062,65.398
99,10174,35114,0.0991,0.0,2.2006,0.0,0.3304,0.0,4.3859,0.0,0.0668,0.0,1.1016,0.0,13,50,62,0.6885,0.2057,5.7371,1.4673,29.782,76.1849,65.3378
100,10227,35106,0.0952,0.0,1.9598,0.0,0.3381,0.0,3.2337,0.4091,0.0687,0.0,0.9644,0.0614,11,45,57,0.685,0.2058,5.0171,0.3826,28.765,75.7276,64.7076
