"nro_corrida","cant_grupos","cant_pasajeros","tpo_cola_taquilla_prom","tpo_cola_taquilla_min","tpo_cola_taquilla_max","tpo_cola_taquilla_p50","tpo_cola_maquina_prom","tpo_cola_maquina_min","tpo_cola_maquina_max","tpo_cola_maquina_p50","tpo_cola_torniquete_prom","tpo_cola_torniquete_min","tpo_cola_torniquete_max","tpo_cola_torniquete_p50","max_area_taquilla","max_area_maquina","max_area_torniquete","tpo_sistema_prom","tpo_sistema_min","tpo_sistema_max","tpo_sistema_p50","porcentaje_ocup_taquilla","porcentaje_ocup_maquina","porcentaje_ocup_torniquete"
1,10139,35282,0.1344,0.0,2.1894,0.3122,1.2841,0.0,9.6044,9.8702,0.1655,0.0,1.3526,0.5714,15,102,62,0.6882,0.2031,6.0577,0.5937,36.6553,90.4525,78.1191
2,10236,35561,0.1322,0.0,1.8553,0.3212,1.233,0.0,7.9652,1.22,0.1975,0.0,2.1171,0.1067,12,86,90,0.6887,0.204,5.2619,0.6694,37.0723,90.3497,79.1786
3,10268,36151,0.1446,0.0,2.5232,0.2178,1.5839,0.0,7.5363,1.5403,0.189,0.0,1.7126,0.0541,15,78,85,0.6899,0.2068,5.7233,2.062,36.7939,92.9839,80.2944
4,10220,35623,0.1422,0.0,4.1642,1.2394,1.2868,0.0,6.5475,0.5337,0.1481,0.0,1.2923,0.0,16,79,53,0.6879,0.2029,5.9548,3.083,37.2145,90.9127,78.7166
5,10137,35568,0.1386,0.0,2.116,0.0,1.0431,0.0,5.1732,0.2782,0.1626,0.0,1.4564,0.1556,14,60,61,0.686,0.2075,6.1075,0.9703,37.011,90.2254,78.2347
6,10304,36101,0.1427,0.0,3.3973,0.0,1.2374,0.0,6.9634,0.0,0.2043,0.0,2.0027,0.2767,13,79,86,0.6836,0.2047,5.0977,0.9203,38.0188,89.7859,79.9954
7,10270,36019,0.1518,0.0,2.8095,0.0,1.3504,0.0,6.7831,0.4737,0.2126,0.0,3.5,0.0,18,78,138,0.6882,0.1644,5.2441,0.2477,37.2202,91.9398,80.0223
8,10346,35988,0.1468,0.0,2.1878,0.0,1.2716,0.0,7.1839,0.9103,0.1763,0.0,1.5251,0.3673,16,81,65,0.6884,0.2049,5.8638,1.2503,38.687,91.1898,79.6065
9,10311,35894,0.1446,0.0,2.475,0.6192,1.746,0.0,8.7885,2.4237,0.1791,0.0,2.1493,0.104,14,90,77,0.6898,0.1997,5.6656,0.5474,37.8797,91.7914,79.8637
10,10283,35887,0.1361,0.0,2.5309,0.0,1.8016,0.0,7.7625,7.5728,0.1593,0.0,1.2978,0.0313,12,98,55,0.6903,0.2044,5.9729,1.5009,36.5632,92.5455,79.6103
11,10374,36216,0.1407,0.0,2.3939,0.5423,1.6607,0.0,9.6108,8.5672,0.26,0.0,2.0412,0.1649,13,107,89,0.6862,0.1022,6.2384,1.1925,37.7862,91.8134,80.3852
12,10307,36299,0.1373,0.0,3.4777,0.0,1.343,0.0,6.7494,2.0185,0.1969,0.0,1.4062,0.0406,16,71,64,0.6863,0.2009,5.7848,0.2567,36.7806,91.9267,80.8816
13,10240,36247,0.1398,0.0,2.6388,0.0,1.8347,0.0,8.3547,1.329,0.2107,0.0,2.1053,0.5427,15,101,92,0.6868,0.2037,5.5205,1.5646,37.6403,91.6945,80.7322
14,10219,35780,0.1272,0.0,2.7563,0.3938,1.4923,0.0,9.0069,0.4037,0.1703,0.0,1.7226,0.3068,13,103,75,0.6884,0.2046,7.2764,0.9838,36.3253,92.1719,78.9293
15,10217,36282,0.137,0.0,2.4635,0.0,1.3913,0.0,6.9506,0.0,0.2053,0.0,1.8899,0.0574,17,84,75,0.6852,0.1729,6.1009,0.5828,37.4863,91.469,80.3656
16,10166,35584,0.1482,0.0,2.2295,0.0,1.5164,0.0,8.304,1.2417,0.2002,0.0,2.1404,0.0,13,91,86,0.6918,0.1499,6.0929,3.0216,37.6508,91.9732,79.0663
17,10227,35956,0.1411,0.0,2.487,0.7582,1.5285,0.0,7.9359,2.4778,0.1813,0.0,1.6297,0.0361,17,83,80,0.6931,0.202,5.846,0.4633,38.8173,92.0654,80.2157
18,10441,36870,0.1384,0.0,2.25,0.0,2.4012,0.0,9.4124,1.0561,0.1869,0.0,1.6626,0.5154,16,103,79,0.6898,0.0364,6.8864,0.7922,38.0173,94.8625,82.1105
19,10375,36336,0.1532,0.0,3.5128,0.5318,1.0003,0.0,5.5471,2.1415,0.2165,0.0,1.6042,0.5376,15,67,83,0.6847,0.0279,4.9221,1.5912,38.8683,89.7444,81.0899
20,10257,35716,0.139,0.0,2.1211,0.4664,1.503,0.0,7.9355,2.5953,0.1611,0.0,1.7032,0.13,14,97,60,0.691,0.066,5.8249,0.33,36.5917,92.3286,79.1875
21,10379,36056,0.1416,0.0,2.604,0.3066,0.9886,0.0,5.606,2.9399,0.1909,0.0,1.906,1.6098,13,64,78,0.6844,0.2046,6.664,1.4948,37.7481,89.9206,79.8633
22,10190,36058,0.1365,0.0,2.3453,0.0,1.4446,0.0,7.5454,6.3108,0.2256,0.0,2.2185,1.1384,14,93,95,0.6862,0.0779,6.0792,0.3274,38.2443,90.8199,80.2121
23,10125,35030,0.1296,0.0,2.1629,0.0,0.8918,0.0,6.2955,0.9415,0.1765,0.0,1.4738,0.0582,13,68,61,0.6833,0.2064,5.1753,0.3755,36.1374,87.2168,77.8001
24,10363,36162,0.1372,0.0,2.5074,0.0,1.9263,0.0,8.1581,2.8164,0.2213,0.0,2.3844,0.2085,13,91,117,0.6918,0.2048,5.5255,0.9938,36.9871,93.9276,80.9238
25,10270,35920,0.1345,0.0,2.2306,0.5464,2.0781,0.0,9.1644,3.7266,0.2013,0.0,2.0982,1.4544,14,98,77,0.6917,0.0326,6.1486,1.481,36.1952,94.2708,79.5808
26,10223,35872,0.1337,0.0,3.0658,0.8826,1.3746,0.0,7.8804,7.4756,0.1797,0.0,1.7223,0.0031,17,84,75,0.6879,0.1009,5.9331,1.5854,37.5488,90.888,79.8675
27,10244,35462,0.1511,0.0,2.6984,0.0,2.249,0.0,9.2988,1.1667,0.1815,0.0,1.8496,0.0,18,110,86,0.6922,0.2048,5.5495,0.8943,36.8092,92.2885,78.487
28,10175,35836,0.1266,0.0,2.1324,0.0,1.3619,0.0,6.7951,5.4131,0.1833,0.0,1.6711,0.0,13,81,58,0.6863,0.0732,6.4297,1.4089,37.0123,90.3928,79.6802
29,10224,35587,0.1334,0.0,2.6011,0.5224,1.2832,0.0,8.6973,1.9977,0.1673,0.0,1.2905,0.9314,13,100,62,0.6884,0.2041,6.5552,1.9788,37.1362,90.249,79.0807
30,10359,36001,0.1429,0.0,2.4358,0.3011,1.5682,0.0,6.8345,5.7541,0.2021,0.0,1.559,0.3212,13,80,76,0.6897,0.2035,5.8491,0.3742,37.5237,91.7683,80.3566
31,10220,35803,0.1405,0.0,2.5835,0.0,1.883,0.0,11.0241,2.4742,0.1689,0.0,1.3963,0.065,18,121,59,0.69,0.095,5.6435,1.1763,36.1443,92.8635,79.4798
32,10430,36429,0.147,0.0,3.6846,0.0,1.1753,0.0,6.1346,3.0262,0.194,0.0,1.7571,1.4664,17,70,87,0.6877,0.2052,5.9776,0.2899,38.9177,91.9281,80.4294
33,10289,36021,0.1359,0.0,2.2974,0.6367,1.3146,0.0,7.6671,2.3028,0.1768,0.0,1.6267,0.0,17,82,64,0.686,0.2024,5.3892,0.8933,37.0888,91.3492,79.4331
34,10270,35767,0.1354,0.0,3.0447,0.8715,2.0229,0.0,8.3847,10.7365,0.1659,0.0,1.5541,0.0,13,94,66,0.6889,0.2038,5.7087,1.0569,37.4543,91.8216,78.7324
35,10085,35203,0.1288,0.0,2.024,0.0,0.8138,0.0,4.4835,1.0785,0.1689,0.0,1.6194,0.2972,15,56,69,0.6842,0.2023,6.3328,1.2782,35.7677,88.5008,77.8754
36,10434,36767,0.1661,0.0,2.7954,0.0,2.8951,0.0,11.0885,3.8905,0.2148,0.0,2.2278,0.0,17,122,91,0.6942,0.2024,6.0269,1.4117,40.7696,94.1627,81.4751
37,10254,35989,0.157,0.0,2.711,0.4038,1.8635,0.0,9.673,3.9181,0.1883,0.0,1.792,0.0,17,109,75,0.6922,0.073,5.9325,0.2381,38.6667,92.9389,80.1183
38,10279,36180,0.1457,0.0,2.5778,0.0,1.5921,0.0,9.9557,6.6567,0.1799,0.0,1.3881,0.1772,20,100,65,0.6893,0.1916,5.3977,1.9401,37.6588,92.0314,80.8506
39,10191,35822,0.137,0.0,2.9327,0.3806,1.3734,0.0,7.5166,0.0,0.1923,0.0,1.83,0.0,13,92,82,0.6884,0.2028,6.0296,1.0743,37.2873,91.4441,79.1749
40,10073,35448,0.144,0.0,2.5351,0.0,1.0636,0.0,7.1699,1.3723,0.1807,0.0,1.4765,0.0,15,66,68,0.69,0.2069,7.3755,2.0972,36.9789,90.7344,79.3794
41,10098,34746,0.1267,0.0,2.1691,0.2229,0.8858,0.0,6.2061,0.0,0.155,0.0,1.347,0.1026,13,71,59,0.6879,0.2049,5.2317,0.7671,35.9504,88.2058,77.1492
42,10237,35778,0.1309,0.0,2.3196,0.0,1.0672,0.0,5.2289,1.3112,0.1783,0.0,1.401,0.2293,18,67,60,0.6883,0.2029,7.6296,0.3554,37.2417,90.7494,79.5095
43,10212,35629,0.1319,0.0,2.3908,0.0,2.0275,0.0,9.0422,2.3477,0.1768,0.0,2.3036,0.0102,12,108,102,0.6922,0.2032,8.8975,0.2987,36.8843,93.0977,78.5167
44,10138,35496,0.1364,0.0,2.7774,0.2992,1.4988,0.0,8.0608,0.2884,0.1739,0.0,1.4633,1.3686,11,91,61,0.6905,0.2029,7.1001,0.6018,37.3822,91.1006,79.2381
45,10194,35462,0.1325,0.0,2.0275,0.1031,1.3397,0.0,7.5721,0.0,0.1939,0.0,1.9882,0.0462,11,87,88,0.6899,0.1467,6.3256,0.516,36.989,90.7386,78.73
46,10352,36384,0.1376,0.0,2.7031,0.0,1.5901,0.0,8.6849,0.6707,0.2139,0.0,1.7347,0.8592,15,128,79,0.6851,0.1284,5.3473,1.1253,37.5479,91.7283,80.201
47,10256,36081,0.1477,0.0,2.3958,0.0,1.7807,0.0,11.8067,0.5977,0.2031,0.0,1.7536,0.4039,14,142,82,0.6892,0.2084,5.9335,0.7862,38.0058,91.8016,80.4766
48,10311,35691,0.1413,0.0,2.5186,0.0,1.1239,0.0,5.2988,0.8433,0.1858,0.0,1.6383,0.0,13,76,65,0.689,0.2039,5.7471,1.1017,37.2934,90.9661,79.4406
49,10213,35839,0.1524,0.0,3.7424,0.5477,0.9492,0.0,7.4415,0.5714,0.2089,0.0,2.3325,0.0,17,76,86,0.6843,0.2042,6.2322,1.2757,38.259,88.4929,79.878
50,10142,35645,0.1582,0.0,2.4199,0.4029,1.3059,0.0,6.4475,0.1721,0.2014,0.0,1.8601,0.0465,16,65,84,0.6902,0.2032,5.3893,0.8226,38.763,90.6854,79.0395
51,10281,36015,0.1402,0.0,2.3015,0.0,1.2307,0.0,6.408,1.8862,0.1901,0.0,1.6363,0.7945,18,68,74,0.6869,0.0988,8.2409,1.064,37.7064,91.5639,79.293
52,10171,35410,0.1309,0.0,2.4752,0.0,1.8828,0.0,7.2088,5.5518,0.1945,0.0,1.7781,2.0696,14,83,78,0.6918,0.2028,6.4673,1.69,37.1691,92.0925,78.5817
53,10247,35964,0.151,0.0,2.4165,0.1414,2.2102,0.0,11.008,0.8397,0.1924,0.0,1.413,0.2546,16,127,62,0.6908,0.0848,6.1925,0.7202,37.2903,93.0821,80.1922
54,10270,36374,0.148,0.0,2.9922,0.488,1.6678,0.0,7.4618,0.9244,0.2267,0.0,2.531,1.0652,15,95,106,0.6879,0.2035,5.5328,0.6446,38.1725,92.4743,80.5327
55,10156,35144,0.1329,0.0,2.3273,0.21,1.0841,0.0,5.9688,0.167,0.1832,0.0,1.9192,0.057,12,67,81,0.6904,0.1507,6.2717,0.6779,36.4117,90.063,78.5024
56,10286,36054,0.1447,0.0,2.6338,0.0,1.7492,0.0,11.9789,0.1184,0.2287,0.0,2.4926,0.0397,11,128,115,0.6863,0.2041,5.925,1.5514,38.0957,90.6667,80.2208
57,10334,35842,0.1556,0.0,2.426,0.0,1.4505,0.0,6.3175,1.8526,0.2103,0.0,1.7159,0.0014,16,78,75,0.6916,0.1199,5.2723,0.962,38.6425,91.5654,80.2658
58,10370,35852,0.1445,0.0,2.8038,0.0,1.2519,0.0,6.0958,0.2414,0.1775,0.0,1.5451,0.6688,14,74,66,0.6866,0.205,7.4231,0.6039,37.5991,90.56,79.075
59,10300,36026,0.1416,0.0,2.2254,0.0,1.1848,0.0,5.3112,2.3817,0.1877,0.0,2.1266,0.1736,14,59,104,0.6897,0.2036,5.2316,1.3189,37.6986,91.267,80.7802
60,10237,35102,0.1388,0.0,2.5005,0.8299,1.8386,0.0,8.6378,3.8968,0.1412,0.0,1.237,0.0,13,106,68,0.6919,0.2022,5.3382,1.7114,36.6572,91.1925,76.886
61,10167,35854,0.1327,0.0,2.0809,0.0105,1.1669,0.0,7.8939,0.0,0.2019,0.0,1.9159,0.1122,12,95,76,0.6836,0.0751,6.3156,1.24,36.7738,89.7518,79.8987
62,10333,35789,0.1339,0.0,2.3405,0.0,1.5581,0.0,6.6952,2.5245,0.1678,0.0,1.4299,0.0384,14,79,56,0.6885,0.2047,6.2747,0.997,36.6221,91.4144,79.1064
63,10219,35777,0.1478,0.0,2.5696,0.0,1.5325,0.0,9.3505,0.6054,0.2023,0.0,1.6978,0.6842,19,95,73,0.6858,0.2047,6.9534,1.3397,36.9808,90.4661,79.2863
64,10244,36045,0.1478,0.0,3.1341,0.0,1.8682,0.0,8.5773,1.7676,0.1877,0.0,1.7803,0.0328,18,93,76,0.6906,0.1679,5.8384,0.8335,38.2624,92.1841,80.5089
65,10076,35235,0.1333,0.0,2.2502,0.0,1.1724,0.0,6.308,0.0,0.1954,0.0,1.9912,0.7649,15,81,92,0.6869,0.084,5.7043,2.055,35.9736,90.3979,77.7888
66,10539,36854,0.1439,0.0,2.7882,0.0,1.3064,0.0,7.589,3.9236,0.1971,0.0,1.5099,0.0,12,90,65,0.6842,0.2027,5.3812,1.6665,38.5861,91.2608,81.764
67,10304,36168,0.1356,0.0,1.9698,0.0,1.584,0.0,7.7934,4.4042,0.1698,0.0,1.4539,0.1688,13,86,63,0.687,0.065,6.0318,1.8321,37.1991,92.6792,79.5995
68,10212,35623,0.1411,0.0,2.4156,0.1389,1.0124,0.0,5.4618,0.0,0.1824,0.0,2.0394,0.0,13,64,82,0.6864,0.1946,5.181,0.7897,37.1449,89.6545,78.514
69,10101,35590,0.1465,0.0,2.4676,0.0849,1.5081,0.0,9.6697,3.7635,0.1985,0.0,1.8035,0.0,13,101,76,0.6895,0.2047,5.5914,0.5144,37.7704,89.9308,79.6973
70,10234,35526,0.1379,0.0,2.0278,0.0302,1.4954,0.0,6.646,0.309,0.1817,0.0,2.3482,0.2129,15,82,88,0.6916,0.2043,6.8666,0.9203,37.0397,91.8176,78.8539
71,10158,35321,0.1443,0.0,2.7226,0.0,1.0792,0.0,6.6919,7.0804,0.1664,0.0,1.4592,0.1828,13,72,68,0.6855,0.2018,5.6764,1.8004,35.96,90.2205,77.8883
72,10261,36002,0.139,0.0,2.7061,0.0,1.6895,0.0,8.3726,3.5509,0.1809,0.0,1.6237,0.3232,13,82,67,0.6902,0.2046,5.9544,1.3595,37.4409,93.1943,79.6152
73,10316,35663,0.1416,0.0,3.3852,0.4843,2.0441,0.0,10.267,0.0,0.1687,0.0,1.8412,1.075,13,105,83,0.6937,0.1163,6.9175,1.3984,38.0335,92.5715,79.1675
74,10245,35978,0.1423,0.0,2.8966,0.0,1.1876,0.0,6.9021,8.4922,0.1931,0.0,1.9162,0.1087,18,84,76,0.6857,0.2047,5.5288,0.3286,37.1062,91.0797,79.965
75,10300,36245,0.1333,0.0,2.0868,0.0,2.1644,0.0,13.0343,0.0,0.2115,0.0,2.1682,0.0,12,145,86,0.6895,0.2058,5.1105,0.7058,37.579,92.9875,80.4859
76,10195,35465,0.1394,0.0,3.1084,0.0497,1.1391,0.0,7.0632,0.9325,0.1983,0.0,1.7575,2.5189,13,85,75,0.6846,0.2051,6.3843,1.5789,37.0601,88.3576,78.7906
77,10295,35836,0.1541,0.0,2.7516,0.3208,1.2479,0.0,5.755,1.677,0.1986,0.0,1.5648,0.7046,18,63,71,0.6926,0.1263,6.6571,0.8279,38.8735,91.3659,79.8888
78,10326,35737,0.1375,0.0,2.5102,0.3956,1.8189,0.0,8.6708,5.571,0.1844,0.0,1.6636,0.4334,15,95,81,0.6878,0.1392,6.2806,1.3379,36.9508,91.4377,79.4517
79,10379,35902,0.1398,0.0,2.0522,0.0,1.4209,0.0,5.627,0.9212,0.2005,0.0,1.4474,0.0785,13,75,69,0.69,0.2061,5.611,0.3252,38.2789,91.4189,80.2893
80,10291,35774,0.1303,0.0,2.5699,0.0,1.6896,0.0,9.0724,1.4251,0.1907,0.0,1.5527,0.1615,16,106,59,0.6892,0.1799,5.851,0.9714,36.6786,91.394,80.2408
81,10164,35584,0.1355,0.0,2.4882,0.3,1.0983,0.0,6.6414,0.8114,0.1665,0.0,2.0915,0.1432,16,74,100,0.6855,0.1913,5.5106,0.8849,36.6244,90.0484,78.579
82,10230,35416,0.1389,0.0,2.7701,0.9234,1.1715,0.0,6.1757,3.7212,0.1737,0.0,1.6939,0.2083,15,77,76,0.6856,0.204,5.8959,1.6056,36.7304,89.5766,78.0607
83,10301,36440,0.1395,0.0,2.566,0.9039,3.3758,0.0,13.1592,4.3641,0.2368,0.0,2.0288,0.0,13,154,89,0.6893,0.2033,6.171,3.2631,36.6683,94.0279,81.1969
84,10324,36165,0.1358,0.0,2.4837,0.0934,1.9834,0.0,9.4328,0.0,0.2187,0.0,1.6984,0.0167,13,106,74,0.6904,0.2056,6.235,0.7521,37.5448,93.3833,80.4784
85,10308,35805,0.1486,0.0,2.2403,0.0,1.4324,0.0,9.0959,0.0546,0.1754,0.0,1.7129,0.0,14,95,62,0.6896,0.1331,5.9137,0.9602,38.7915,90.6434,79.1329
86,10335,35680,0.1431,0.0,2.2262,0.0,1.9325,0.0,10.9007,0.2395,0.1904,0.0,1.836,0.0,14,125,80,0.6925,0.2033,6.6387,0.3371,37.8625,92.3074,79.1708
87,10136,35436,0.1529,0.0,2.445,0.0,0.9385,0.0,5.9142,0.0,0.1848,0.0,2.0728,0.0368,12,65,86,0.689,0.202,5.2867,2.1671,38.2885,88.8924,78.8066
88,10263,35750,0.1438,0.0,2.5295,0.103,1.025,0.0,4.4723,0.0,0.1883,0.0,1.9399,0.0,11,58,83,0.6878,0.2051,6.713,2.0685,38.6595,89.485,79.8295
89,10050,35080,0.1381,0.0,2.5956,0.0,0.9557,0.0,5.4117,0.7646,0.2197,0.0,2.2516,0.8157,12,66,97,0.6862,0.1399,6.3142,1.8286,36.9055,88.5281,77.6043
90,10193,35398,0.1368,0.0,2.2402,0.0,1.3825,0.0,7.7146,0.7948,0.1711,0.0,1.393,0.2478,13,83,56,0.6878,0.2045,7.1431,0.2674,37.4984,89.3797,78.5996
91,10454,36319,0.1417,0.0,3.3112,0.2754,1.3662,0.0,5.9698,2.7186,0.2198,0.0,2.1666,0.1732,12,77,92,0.6894,0.204,5.6161,1.4014,37.5021,92.6215,81.4064
92,10155,35537,0.1456,0.0,1.8884,0.0,1.6351,0.0,8.6759,0.0119,0.1809,0.0,1.8407,0.0346,13,99,80,0.6897,0.2032,5.7823,0.2573,38.058,90.6079,78.4974
93,10291,35958,0.1316,0.0,2.5318,0.455,1.1765,0.0,7.4078,0.769,0.2201,0.0,1.7859,0.1096,12,79,79,0.6829,0.206,5.3837,0.4113,37.3008,89.2318,80.2067
94,10152,35810,0.146,0.0,2.2996,0.0,2.1448,0.0,13.5982,0.9591,0.1729,0.0,1.8623,0.1875,13,141,77,0.6903,0.1137,5.103,0.3446,37.7208,91.5663,79.5793
95,10254,36161,0.1538,0.0,2.8798,0.0298,1.4038,0.0,6.636,0.413,0.217,0.0,1.9223,0.4797,16,83,84,0.6858,0.203,5.7507,0.5018,37.5578,90.5392,81.0606
96,10211,35634,0.1372,0.0,2.4061,0.0,1.6029,0.0,6.9117,1.3389,0.1768,0.0,1.3408,0.0408,16,78,63,0.6898,0.2061,6.8652,0.9831,36.7457,91.7675,79.7152
97,10266,36313,0.1239,0.0,2.5664,0.0174,1.6703,0.0,6.1427,5.613,0.1851,0.0,2.0893,0.1114,12,72,85,0.6855,0.1107,5.8186,1.0714,36.2231,93.532,79.9264
98,10212,35417,0.1342,0.0,2.6461,0.0,1.2075,0.0,6.392,0.0,0.1768,0.0,1.629,1.0427,14,78,72,0.6902,0.2024,5.6816,1.4802,36.3206,91.5092,78.7891
99,10169,35115,0.1441,0.0,2.6653,0.398,1.6319,0.0,7.7064,5.2533,0.1845,0.0,2.1714,0.0,12,92,89,0.6929,0.2047,6.8695,1.0374,36.6859,91.6084,78.0797
100,10252,36287,0.1439,0.0,2.356,0.0,1.0534,0.0,6.2472,3.427,0.2452,0.0,2.7252,0.1148,13,64,105,0.686,0.2049,5.4326,1.1041,38.0548,91.1061,80.5494
