"nro_corrida","cant_grupos","cant_pasajeros","tpo_cola_taquilla_prom","tpo_cola_taquilla_min","tpo_cola_taquilla_max","tpo_cola_taquilla_p50","tpo_cola_maquina_prom","tpo_cola_maquina_min","tpo_cola_maquina_max","tpo_cola_maquina_p50","tpo_cola_torniquete_prom","tpo_cola_torniquete_min","tpo_cola_torniquete_max","tpo_cola_torniquete_p50","max_area_taquilla","max_area_maquina","max_area_torniquete","tpo_sistema_prom","tpo_sistema_min","tpo_sistema_max","tpo_sistema_p50","porcentaje_ocup_taquilla","porcentaje_ocup_maquina","porcentaje_ocup_torniquete"
1,10269,36084,0.2681,0.0,2.8119,1.7824,61.1573,17.5946,113.2657,121.0754,2.0851,0.0,7.3234,3.0222,18,1064,258,0.6722,0.2056,5.0134,1.764,50.2878,100.0508,97.7171
2,10274,35998,0.2369,0.0,2.4934,0.0,89.2112,35.3075,117.5271,202.192,2.1439,0.0,8.4959,12.7016,15,1134,295,0.6722,0.201,5.3939,3.0795,49.5813,99.9906,97.1967
3,10201,35240,0.2531,0.0,3.0082,0.6256,57.8106,27.9426,98.2507,137.0913,1.3825,0.0,4.9248,0.5709,18,959,157,0.6786,0.1859,6.1449,0.9606,49.559,99.963,96.107
4,10227,35853,0.2613,0.0,2.7647,0.0,68.7481,14.005,110.7136,66.1592,1.7539,0.0,5.9746,2.0364,18,1130,200,0.6763,0.1032,5.9392,2.5844,49.0376,99.976,97.886
5,10354,35829,0.2546,0.0,3.4045,1.81,75.233,23.8719,126.4817,75.4468,1.46,0.0,5.6848,2.1847,21,1360,186,0.6764,0.1048,6.3729,0.7191,50.1047,100.0054,96.6978
6,10095,34964,0.2438,0.0,3.3176,0.1502,71.7095,31.7533,118.0198,60.6007,1.7261,0.0,8.5806,13.5377,18,1072,267,0.6792,0.0202,5.4097,0.5536,49.4865,100.0188,95.0381
7,10330,36677,0.2813,0.0,3.4323,0.5615,84.5024,16.9146,152.5085,74.2409,2.2159,0.0,7.8879,0.9469,20,1507,267,0.673,0.0622,6.6229,0.3247,51.1247,99.9691,98.2703
8,10101,35650,0.2321,0.0,3.2294,0.0,85.8436,35.5315,128.3189,165.5751,2.6885,0.0,9.7802,1.1504,15,1256,312,0.6755,0.0525,5.6695,0.3677,48.1065,99.9772,96.9197
9,10234,35755,0.2407,0.0,2.9704,0.5635,74.2862,36.3951,105.4705,73.3792,1.3475,0.0,5.6204,0.6637,18,1154,203,0.6747,0.0505,5.961,0.569,49.0839,100.0082,97.2252
10,10240,35821,0.262,0.0,3.1412,0.0,77.7497,30.8933,125.7722,75.982,1.7407,0.0,7.7229,3.7653,20,1266,255,0.6751,0.2048,6.7545,1.6159,49.9134,99.9877,96.766
11,10177,35334,0.3054,0.0,3.2969,0.5448,51.0665,17.6478,96.1333,45.0946,1.9069,0.0,7.952,1.7709,26,884,276,0.6801,0.0483,5.0977,0.3752,50.8868,99.9752,96.4988
12,10207,35341,0.2295,0.0,2.7198,0.4075,80.6828,37.8507,131.0327,159.0764,1.0123,0.0,5.7189,1.0108,16,1276,210,0.6777,0.0134,7.96,0.6981,49.0197,100.0092,95.8822
13,10381,36358,0.274,0.0,3.0547,0.3119,70.3092,18.5307,120.3931,135.3767,3.021,0.0,9.2983,8.1939,23,1155,317,0.671,0.0386,6.3306,1.005,50.5991,99.9881,98.5147
14,10342,35819,0.2446,0.0,2.6731,0.0,71.771,29.486,114.4099,150.8408,1.6576,0.0,7.1838,1.2705,19,1134,238,0.675,0.0826,6.7899,4.521,50.4181,99.9926,96.4089
15,10382,36482,0.247,0.0,2.8557,0.0,77.6144,29.5781,140.1827,76.8373,2.8195,0.0,8.638,2.381,18,1457,296,0.6727,0.0559,5.0987,1.1544,50.0945,100.0244,98.913
16,10337,36199,0.2539,0.0,2.9524,0.0,92.9899,28.5415,147.9837,184.139,2.417,0.0,8.9393,8.2201,17,1425,279,0.6745,0.1058,5.8825,1.5975,50.1874,100.008,97.729
17,10232,35591,0.2556,0.0,3.6389,0.9563,92.0301,50.8066,137.0476,83.1863,2.3438,0.0,8.3232,1.183,16,1347,291,0.6776,0.0755,5.8137,2.3484,49.3304,99.9876,97.7679
18,10205,35202,0.2446,0.0,3.1703,1.0884,72.1826,32.3961,107.6603,144.3349,1.3684,0.0,5.8264,1.5043,20,1066,210,0.677,0.0605,6.3551,1.193,48.6467,99.9646,95.6178
19,10210,36013,0.2414,0.0,2.1657,0.8957,96.89,36.7599,136.6885,203.5042,1.2323,0.0,3.9444,0.784,15,1328,153,0.6724,0.0213,6.0101,1.678,49.1692,100.03,96.6178
20,10152,35914,0.2836,0.0,2.7696,0.0101,83.3782,33.9819,124.8667,90.6883,2.0808,0.0,8.206,1.5281,19,1268,295,0.6761,0.0307,5.0302,1.2357,50.3022,99.9984,97.4542
21,10316,36331,0.2576,0.0,3.4465,0.8391,69.2701,14.8568,128.5126,75.1937,1.6561,0.0,7.9576,2.995,14,1322,296,0.6744,0.0426,5.9985,1.3559,51.3931,99.9756,97.0705
22,10101,34768,0.2203,0.0,2.4504,0.9932,71.3891,30.1585,110.9112,70.6632,1.0276,0.0,4.3232,0.6024,13,1084,150,0.6778,0.0849,5.9164,0.3516,47.0559,100.0258,94.5688
23,10304,35836,0.2636,0.0,3.2589,1.2655,55.528,17.8228,100.3613,53.595,1.5725,0.0,5.7842,0.0,19,965,186,0.6739,0.2025,5.394,0.6521,50.0363,100.0145,96.3161
24,10278,35929,0.2681,0.0,3.2483,0.5745,84.0197,40.2508,127.6936,88.6978,4.1562,0.0,14.0498,2.0105,16,1214,447,0.6734,0.0828,5.3892,0.39,50.0901,99.9794,97.6386
25,10313,35930,0.2451,0.0,2.7058,0.0402,67.9102,25.3209,122.2624,112.7616,1.5534,0.0,5.7411,4.7941,19,1202,212,0.6745,0.0478,6.4447,2.2319,50.0808,100.0165,96.4007
26,10474,36818,0.2883,0.0,2.7998,0.0,90.9125,26.5288,143.8484,97.8913,11.5197,0.0,21.8798,19.7054,21,1386,724,0.6735,0.0223,5.6924,2.188,52.6559,100.0182,99.8648
27,10319,35826,0.2349,0.0,2.5911,0.5913,78.3287,31.1369,140.7193,74.9896,2.0681,0.0,9.0507,2.1947,14,1411,302,0.674,0.0405,5.5762,1.1692,47.9794,100.0334,97.3516
28,10360,36082,0.2346,0.0,2.8577,0.6724,88.8664,33.0193,145.2668,178.2611,1.586,0.0,6.6988,1.5532,18,1498,229,0.6737,0.0495,5.4329,0.2884,49.5899,100.01,96.7841
29,10218,35865,0.2546,0.0,3.0391,0.8561,91.1944,35.4618,132.5469,198.7489,2.374,0.0,7.7014,0.1764,15,1292,259,0.6759,0.1151,6.3561,0.7932,49.4768,99.9717,97.6256
30,10423,36729,0.2507,0.0,2.6231,0.0,74.9823,19.2604,134.0779,146.2472,3.7813,0.0,9.2879,9.8916,17,1455,299,0.6714,0.0729,5.4198,1.1609,50.2781,99.984,98.6194
31,10302,36172,0.2518,0.0,2.5696,0.2936,93.6739,46.2775,142.9447,97.7391,3.0365,0.0,8.7225,0.6532,19,1451,301,0.6738,0.0697,5.7526,1.4303,50.0022,100.0374,97.2304
32,10418,36880,0.2475,0.0,2.8384,0.0,99.662,45.1935,150.5266,103.1571,4.1478,0.0,9.843,9.5372,21,1542,342,0.67,0.053,5.9609,0.5843,51.1332,99.9955,99.4737
33,10334,35915,0.2389,0.0,2.34,0.0,84.7607,29.8436,127.6303,173.2916,2.3888,0.0,11.0845,2.8948,14,1394,359,0.6753,0.0536,6.1251,0.6561,49.5513,100.0175,96.7367
34,10288,36093,0.2401,0.0,2.7999,1.086,93.509,31.5764,145.6059,206.6995,1.5552,0.0,7.6955,0.0,15,1571,265,0.674,0.202,5.5903,0.7773,49.5554,100.0111,95.8287
35,10441,36402,0.2563,0.0,3.5434,0.0,84.2858,15.3388,148.5259,170.9127,1.8092,0.0,7.8655,1.4942,16,1497,262,0.6749,0.0145,6.1181,1.3207,50.4684,99.9856,97.3439
36,10341,36164,0.2424,0.0,2.7518,0.0,99.6427,47.3688,153.8223,200.7319,1.6931,0.0,5.6814,1.9377,19,1613,197,0.674,0.1941,6.3015,1.6327,49.389,100.0216,97.0921
37,10369,35999,0.2507,0.0,3.3522,0.4809,96.2143,34.6601,137.649,107.9461,1.695,0.0,5.9987,0.1233,19,1432,224,0.6755,0.0587,5.8357,0.2587,50.0642,100.0085,97.2443
38,10320,35955,0.2357,0.0,3.4033,1.6567,87.0221,34.9761,136.9129,173.94,2.1229,0.0,8.0606,0.6109,18,1344,261,0.6744,0.2036,6.5278,1.0887,48.6061,100.0256,97.3794
39,10223,35401,0.2393,0.0,3.123,0.5413,79.2345,33.8122,121.8413,81.6114,1.5398,0.0,7.906,1.1294,16,1217,275,0.6781,0.0204,5.1218,0.5529,49.4247,100.0453,96.4121
40,10139,35656,0.2348,0.0,3.3946,1.4386,94.7088,36.4172,149.8571,190.2884,1.7853,0.0,7.8874,1.8358,16,1483,288,0.6754,0.2034,6.6288,1.2156,48.3496,100.0611,95.9781
41,10378,36114,0.2703,0.0,2.8756,1.3886,85.3687,33.3565,146.5627,167.3949,1.3662,0.0,6.5481,6.3578,19,1504,216,0.6758,0.1073,6.2331,0.6368,51.8704,100.0205,96.7677
42,10324,36073,0.2513,0.0,3.4657,1.5146,109.941,56.3066,143.1728,119.7127,2.1891,0.0,8.1037,3.1589,17,1438,270,0.6763,0.0528,5.9127,1.1971,51.6011,100.0012,98.9072
43,10180,35870,0.2246,0.0,2.7481,0.0,85.3188,33.4741,137.4007,91.9061,1.8985,0.0,7.2682,1.9366,14,1470,264,0.6756,0.0289,7.4928,0.6097,49.035,100.067,96.6362
44,10227,36245,0.2607,0.0,2.6313,0.234,84.8957,30.6008,128.8595,170.5917,1.8708,0.0,6.919,0.9231,17,1316,217,0.6729,0.1799,5.3454,0.7729,50.1071,100.013,97.9607
45,10341,36286,0.2498,0.0,3.8776,0.3189,85.9352,20.2932,156.4638,183.0421,3.728,0.0,10.1323,15.143,19,1548,330,0.673,0.1033,6.5283,0.6751,48.2675,99.9948,97.5449
46,10159,35401,0.2506,0.0,2.9086,0.1242,63.954,23.5527,108.1895,140.5295,1.2011,0.0,5.9196,1.4933,25,1057,206,0.6773,0.1208,5.4184,0.8491,49.1295,100.0039,96.2448
47,10321,35963,0.2211,0.0,2.4449,0.0,61.6194,21.7679,115.9455,130.183,2.3336,0.0,7.7347,0.3366,14,1186,268,0.6718,0.2028,6.7453,0.3549,47.5128,100.0118,97.2697
48,10189,35491,0.2351,0.0,3.5263,0.0,58.979,36.2542,93.541,99.273,1.3264,0.0,5.4892,3.8027,14,921,185,0.6733,0.0796,6.0594,0.3892,48.8202,99.9956,96.2234
49,10136,35320,0.2424,0.0,3.1812,1.0731,54.5408,22.1934,92.4036,50.9409,1.762,0.0,8.2424,3.5302,20,900,260,0.6756,0.028,4.8797,0.8259,48.7133,99.9796,96.2708
50,10219,35644,0.2802,0.0,3.8517,0.0,78.5653,36.5368,104.6075,84.2888,1.4697,0.0,6.489,0.0,24,1111,234,0.677,0.2048,5.702,1.5276,51.1923,99.9976,95.7266
51,10205,35607,0.2622,0.0,3.1043,0.7118,93.8885,51.0187,130.9156,192.0925,1.6153,0.0,7.1305,0.1719,15,1369,241,0.6782,0.0829,5.1725,0.6007,50.9869,99.9815,96.6665
52,10448,36994,0.2599,0.0,2.4475,0.8458,89.0618,32.9628,162.9782,173.8659,2.7642,0.0,9.244,0.5314,20,1659,301,0.6703,0.2027,5.0855,0.5877,51.5883,99.936,98.0681
53,10298,36344,0.2837,0.0,2.7448,0.0,65.6717,5.1794,112.4938,66.4686,1.6949,0.0,6.0339,1.4221,18,1181,214,0.6718,0.027,6.4877,0.249,51.0682,100.0028,97.9305
54,10256,36356,0.2329,0.0,3.2705,0.0,67.1724,22.5423,129.1207,63.5204,2.1599,0.0,7.5317,4.2861,19,1262,250,0.6719,0.1966,6.5288,3.2209,49.3095,99.9529,98.0806
55,10151,35506,0.237,0.0,2.5756,0.0,76.2643,22.7015,127.4041,151.226,1.1329,0.0,4.9778,1.8875,16,1251,156,0.6779,0.0515,6.6344,0.378,49.7817,99.9727,95.7989
56,10224,35606,0.2717,0.0,3.4793,0.9344,56.2069,10.1289,113.2492,55.4339,1.8046,0.0,8.0371,1.4067,20,1009,274,0.6749,0.1106,5.7871,0.3191,49.461,100.0372,96.4728
57,10242,36241,0.2666,0.0,2.9167,1.4322,78.9283,34.2424,137.1755,84.2564,1.8628,0.0,7.822,4.6652,18,1466,262,0.6749,0.0576,5.9936,0.7156,50.9763,100.0089,97.446
58,10226,36016,0.2639,0.0,3.101,0.0801,98.1431,36.7408,161.4989,192.153,1.0372,0.0,4.5026,1.9349,21,1652,149,0.6771,0.1958,5.7703,0.5436,50.967,99.9898,95.918
59,10302,36074,0.2848,0.0,3.0856,1.0719,76.3039,30.4855,130.0658,70.9929,2.5357,0.0,6.6993,2.3474,18,1334,238,0.675,0.0512,6.5929,0.5391,50.232,99.9725,98.1652
60,10314,35930,0.2455,0.0,2.6286,0.5351,70.2628,28.4176,122.9295,136.4234,1.8203,0.0,5.4992,3.239,16,1134,196,0.6756,0.0109,6.0181,1.0068,51.3042,99.995,97.965
61,10231,35643,0.2559,0.0,2.7932,0.0,75.3392,21.4981,129.034,166.448,1.5642,0.0,5.8561,0.9597,17,1262,199,0.6766,0.0366,5.8213,0.9164,49.3273,99.9602,96.9521
62,10150,35287,0.2703,0.0,3.3279,0.0,75.5305,28.8564,114.791,154.8584,1.0762,0.0,4.5943,2.3199,16,1114,158,0.6776,0.07,6.1163,1.4146,50.1491,99.9897,95.495
63,10187,35542,0.235,0.0,3.3095,0.0,80.4587,28.3465,131.857,81.9136,1.5796,0.0,6.7488,1.7706,19,1294,214,0.6766,0.1577,5.7068,1.0343,49.2206,99.8971,95.993
64,10374,36448,0.2403,0.0,2.4785,0.0,88.96,31.6584,145.235,173.4147,2.7976,0.0,7.8842,11.7005,15,1495,268,0.6705,0.202,5.5502,1.0402,48.5392,99.9348,98.7026
65,10176,35782,0.2373,0.0,2.6545,0.4804,113.6121,54.0839,171.3844,109.6261,1.2586,0.0,5.1706,0.9887,17,1639,179,0.6761,0.0999,5.3173,0.7024,48.9908,100.0095,96.5079
66,10128,35156,0.242,0.0,2.9168,0.0,93.086,37.4804,152.3392,182.373,1.2119,0.0,5.0057,2.0263,14,1372,176,0.6762,0.0286,5.201,1.0058,49.1553,99.9694,93.7789
67,10252,35630,0.2371,0.0,2.6419,0.1927,93.3247,49.7996,155.5603,95.0756,1.5633,0.0,8.0558,4.4699,16,1594,261,0.677,0.0454,6.6381,1.8335,48.7966,100.0008,96.4442
68,10171,35394,0.2406,0.0,2.9606,0.0,50.9619,23.8775,87.585,103.3277,1.962,0.0,7.4694,0.504,15,854,250,0.675,0.0312,5.8441,0.6517,48.0687,100.0225,96.6919
69,10371,36867,0.2761,0.0,2.7297,1.9039,101.4777,42.8916,174.005,92.7515,5.7872,0.0,13.686,6.6319,25,1738,454,0.6724,0.105,5.5326,0.5663,50.8554,100.0105,99.3503
70,10293,36234,0.2387,0.0,2.5524,1.0826,127.3939,58.0228,186.0145,128.5986,1.6804,0.0,6.5101,0.1775,15,1898,205,0.6741,0.0691,5.3511,0.2566,49.4471,100.0655,96.9615
71,10166,35770,0.2655,0.0,3.8671,0.0,70.0636,25.3362,118.2926,122.5004,2.5616,0.0,8.6271,0.8585,17,1142,275,0.6761,0.0021,6.2211,0.8061,50.7022,99.9779,97.3212
72,10199,35969,0.2436,0.0,2.6318,0.0,93.0671,38.7954,135.4051,100.4548,1.9222,0.0,7.557,1.2296,17,1425,269,0.674,0.0277,6.0893,0.3495,50.4469,99.9825,97.0493
73,10256,35384,0.2535,0.0,3.5936,0.0,61.8012,21.4502,106.6318,122.031,1.4902,0.0,5.1802,0.0422,16,1109,180,0.6785,0.0936,6.4752,2.4672,49.5019,99.9866,95.8201
74,9965,34998,0.2266,0.0,2.4331,0.2203,69.7825,29.2809,111.2643,127.9799,1.2257,0.0,4.9546,0.0,17,1007,162,0.6777,0.1188,9.5498,1.2208,48.1898,100.0105,96.1337
75,10262,35693,0.2586,0.0,3.1579,0.0518,86.6853,27.8893,131.4725,92.5267,1.6968,0.0,6.7074,3.8713,17,1244,231,0.677,0.0774,5.2962,1.719,50.9823,99.9649,96.8654
76,10167,35376,0.2606,0.0,2.3076,0.0,80.2217,35.5326,118.4881,82.8521,1.672,0.0,6.2278,0.1605,17,1133,221,0.6773,0.069,6.8142,1.0045,50.0258,100.0121,96.8591
77,10371,36434,0.2476,0.0,2.7475,0.1154,73.5597,21.9813,141.2956,77.1241,2.248,0.0,7.3703,1.9643,15,1389,244,0.6724,0.0342,5.9206,0.2743,49.9165,100.0002,97.8468
78,10394,36358,0.2542,0.0,3.3189,0.0415,87.4848,36.1145,145.9897,80.7132,3.4281,0.0,9.0645,8.7974,17,1491,312,0.6751,0.0787,6.3727,1.8246,50.4861,100.0068,98.9179
79,10325,36048,0.2544,0.0,2.7997,0.0,125.5773,48.6396,182.6204,123.5432,1.7645,0.0,7.7514,0.897,15,1791,282,0.6745,0.0437,6.5539,0.8384,50.3361,99.9661,96.5799
80,10176,35772,0.2371,0.0,3.0754,0.0,102.9018,43.2982,152.5553,102.2609,1.3179,0.0,4.962,0.167,15,1434,181,0.6721,0.0184,5.5851,3.6961,47.7345,99.992,96.7672
81,10262,35933,0.2565,0.0,2.6177,0.8889,81.942,29.5037,123.2647,169.2316,5.1356,0.0,12.3023,17.897,17,1136,414,0.6764,0.0605,6.1799,1.2903,50.5332,100.0286,98.744
82,10321,36385,0.249,0.0,3.108,0.9034,79.8006,21.3217,139.4394,90.5837,2.0865,0.0,9.5703,2.4994,18,1395,327,0.6727,0.144,5.7752,0.8763,50.0144,99.9983,97.8523
83,10372,36028,0.276,0.0,2.6548,0.0,85.2985,38.5075,124.0099,88.1316,1.4045,0.0,5.2254,3.4654,21,1183,193,0.6749,0.1971,5.7461,1.1519,51.9647,99.9928,96.9866
84,10132,35776,0.2694,0.0,2.8605,1.1488,81.9296,29.2155,128.7907,180.5758,1.0892,0.0,5.0769,1.4039,18,1317,171,0.6765,0.2072,5.806,0.3036,50.8444,100.0359,95.355
85,10270,35658,0.2445,0.0,2.882,0.1619,65.0719,31.1825,114.2832,65.8194,1.78,0.0,7.8738,3.1802,15,1131,260,0.6749,0.035,7.4943,0.428,48.8096,99.9937,97.0799
86,10137,35278,0.2753,0.0,2.8091,0.0,88.7728,39.0261,136.8825,88.8361,1.1895,0.0,5.4237,1.1138,19,1346,183,0.6804,0.205,5.7197,1.8434,50.5605,99.9463,95.471
87,10181,35339,0.2663,0.0,4.4599,0.0,77.4069,40.2901,122.4131,152.1554,1.4031,0.0,6.1806,0.9217,24,1263,208,0.6766,0.0632,5.5947,1.0876,48.9665,100.0744,96.4575
88,10252,36006,0.254,0.0,2.8573,1.189,108.228,43.981,161.5265,108.29,2.1744,0.0,7.3433,3.3399,17,1611,239,0.6752,0.0833,5.4695,1.4464,49.7662,100.0234,97.2458
89,10223,35670,0.256,0.0,2.9113,0.0,80.3355,37.503,141.2712,68.9379,1.701,0.0,7.6863,0.3269,17,1435,262,0.6751,0.0218,5.1108,1.4257,48.8516,99.9928,95.9147
90,10196,35392,0.2217,0.0,2.397,0.0,80.3688,43.7369,113.518,154.6071,1.4309,0.0,4.8831,2.5012,14,1127,168,0.6755,0.2054,5.8527,1.5312,48.2806,99.9861,96.4216
91,10224,35955,0.2585,0.0,3.2755,0.0,80.5303,29.695,131.7892,80.0001,2.229,0.0,7.9058,1.6791,16,1262,282,0.6757,0.0575,6.512,2.1257,50.591,99.9726,97.8392
92,10318,36405,0.2566,0.0,2.5288,0.138,89.2068,32.9656,152.9019,175.2916,3.2383,0.0,11.4139,10.3938,15,1458,378,0.673,0.0189,6.4462,1.0192,50.779,100.0177,98.1887
93,10156,35521,0.2736,0.0,3.5489,0.0,68.2931,41.5777,103.9466,135.6098,1.4264,0.0,6.1547,1.6127,20,1036,212,0.6773,0.1323,5.3098,0.5905,50.5016,100.0211,96.8637
94,10318,36038,0.2541,0.0,2.9586,0.0,65.2001,32.5515,100.7338,118.2891,3.9009,0.0,10.1915,6.0916,18,1001,350,0.6723,0.0473,6.7454,0.742,49.3885,100.0084,98.0906
95,10261,35416,0.2204,0.0,2.5793,0.9214,92.5114,29.9731,142.5255,88.2455,0.8523,0.0,4.2738,3.7927,20,1415,145,0.6757,0.2048,6.2933,1.5217,46.8597,100.0389,94.9428
96,10056,35199,0.2284,0.0,2.3803,0.6827,75.9101,37.9535,128.6457,79.2341,2.3733,0.0,8.1757,0.0,17,1272,269,0.6775,0.0933,5.5801,0.2467,48.1362,100.0148,96.7429
97,10226,36212,0.2632,0.0,2.6367,1.0114,83.8161,27.3582,130.1043,164.5322,1.4448,0.0,6.0246,5.4127,16,1312,211,0.6734,0.0997,5.8777,0.3187,50.1326,100.0102,96.674
98,10231,35936,0.2531,0.0,3.2765,0.9456,87.6618,28.9748,136.9709,93.627,3.28,0.0,8.2382,4.4575,16,1281,291,0.6733,0.0604,5.6623,0.2438,50.3265,100.0501,98.0502
99,10274,35423,0.2466,0.0,4.1964,0.0,66.4611,20.2885,110.1963,69.5054,1.2848,0.0,6.4833,6.8793,16,1116,191,0.6773,0.2048,5.7589,0.599,50.204,99.9685,95.6215
100,10368,35836,0.2501,0.0,2.6582,0.0,82.6521,41.8967,133.1541,160.4369,3.393,0.0,13.3545,0.9819,22,1308,432,0.6735,0.0102,5.8124,0.5258,48.9277,100.0803,98.7453
